[1,	1,	1,	1,	1,	1,	1,	1,	7,	7,	3,	3,	3,	2,	1,	1,	1,	1,	5,	5,	4,	4,	4,	7,	7,	2,	3,	3,	3,	3,	1,	1,	1,	2,	2,	4,	6,	6,	6,	3,	3,	1,	1,	1,	1,	1,	7,	7,	2,	4,	4,	1,	1,	1,	5,	8,	8,	8,	8,	2,	2,	1,	1,	1,	7,	7,	8,	6,	6,	1,	1,	2],
[1,	1,	1,	1,	1,	1,	1,	7,	7,	3,	3,	3,	2,	1,	1,	1,	1,	5,	5,	4,	4,	4,	7,	7,	2,	3,	3,	3,	3,	1,	1,	1,	2,	2,	4,	6,	6,	6,	3,	3,	1,	1,	1,	1,	1,	7,	7,	2,	4,	4,	1,	1,	1,	5,	8,	8,	8,	8,	2,	2,	1,	1,	1,	7,	7,	8,	6,	6,	1,	1,	2,	1],
[1,	1,	1,	1,	1,	1,	7,	7,	3,	3,	3,	2,	1,	1,	1,	1,	5,	5,	4,	4,	4,	7,	7,	2,	3,	3,	3,	3,	1,	1,	1,	2,	2,	4,	6,	6,	6,	3,	3,	1,	1,	1,	1,	1,	7,	7,	2,	4,	4,	1,	1,	1,	5,	8,	8,	8,	8,	2,	2,	1,	1,	1,	7,	7,	8,	6,	6,	1,	1,	2,	1,	1],
[1,	1,	1,	1,	1,	7,	7,	3,	3,	3,	2,	1,	1,	1,	1,	5,	5,	4,	4,	4,	7,	7,	2,	3,	3,	3,	3,	1,	1,	1,	2,	2,	4,	6,	6,	6,	3,	3,	1,	1,	1,	1,	1,	7,	7,	2,	4,	4,	1,	1,	1,	5,	8,	8,	8,	8,	2,	2,	1,	1,	1,	7,	7,	8,	6,	6,	1,	1,	2,	1,	1,	6],
[1,	1,	1,	1,	7,	7,	3,	3,	3,	2,	1,	1,	1,	1,	5,	5,	4,	4,	4,	7,	7,	2,	3,	3,	3,	3,	1,	1,	1,	2,	2,	4,	6,	6,	6,	3,	3,	1,	1,	1,	1,	1,	7,	7,	2,	4,	4,	1,	1,	1,	5,	8,	8,	8,	8,	2,	2,	1,	1,	1,	7,	7,	8,	6,	6,	1,	1,	2,	1,	1,	6,	6],
[1,	1,	1,	7,	7,	3,	3,	3,	2,	1,	1,	1,	1,	5,	5,	4,	4,	4,	7,	7,	2,	3,	3,	3,	3,	1,	1,	1,	2,	2,	4,	6,	6,	6,	3,	3,	1,	1,	1,	1,	1,	7,	7,	2,	4,	4,	1,	1,	1,	5,	8,	8,	8,	8,	2,	2,	1,	1,	1,	7,	7,	8,	6,	6,	1,	1,	2,	1,	1,	6,	6,	8],
[1,	1,	7,	7,	3,	3,	3,	2,	1,	1,	1,	1,	5,	5,	4,	4,	4,	7,	7,	2,	3,	3,	3,	3,	1,	1,	1,	2,	2,	4,	6,	6,	6,	3,	3,	1,	1,	1,	1,	1,	7,	7,	2,	4,	4,	1,	1,	1,	5,	8,	8,	8,	8,	2,	2,	1,	1,	1,	7,	7,	8,	6,	6,	1,	1,	2,	1,	1,	6,	6,	8,	7],
[1,	7,	7,	3,	3,	3,	2,	1,	1,	1,	1,	5,	5,	4,	4,	4,	7,	7,	2,	3,	3,	3,	3,	1,	1,	1,	2,	2,	4,	6,	6,	6,	3,	3,	1,	1,	1,	1,	1,	7,	7,	2,	4,	4,	1,	1,	1,	5,	8,	8,	8,	8,	2,	2,	1,	1,	1,	7,	7,	8,	6,	6,	1,	1,	2,	1,	1,	6,	6,	8,	7,	7],
[7,	7,	3,	3,	3,	2,	1,	1,	1,	1,	5,	5,	4,	4,	4,	7,	7,	2,	3,	3,	3,	3,	1,	1,	1,	2,	2,	4,	6,	6,	6,	3,	3,	1,	1,	1,	1,	1,	7,	7,	2,	4,	4,	1,	1,	1,	5,	8,	8,	8,	8,	2,	2,	1,	1,	1,	7,	7,	8,	6,	6,	1,	1,	2,	1,	1,	6,	6,	8,	7,	7,	1],
[7,	3,	3,	3,	2,	1,	1,	1,	1,	5,	5,	4,	4,	4,	7,	7,	2,	3,	3,	3,	3,	1,	1,	1,	2,	2,	4,	6,	6,	6,	3,	3,	1,	1,	1,	1,	1,	7,	7,	2,	4,	4,	1,	1,	1,	5,	8,	8,	8,	8,	2,	2,	1,	1,	1,	7,	7,	8,	6,	6,	1,	1,	2,	1,	1,	6,	6,	8,	7,	7,	1,	1],
[3,	3,	3,	2,	1,	1,	1,	1,	5,	5,	4,	4,	4,	7,	7,	2,	3,	3,	3,	3,	1,	1,	1,	2,	2,	4,	6,	6,	6,	3,	3,	1,	1,	1,	1,	1,	7,	7,	2,	4,	4,	1,	1,	1,	5,	8,	8,	8,	8,	2,	2,	1,	1,	1,	7,	7,	8,	6,	6,	1,	1,	2,	1,	1,	6,	6,	8,	7,	7,	1,	1,	1],
[3,	3,	2,	1,	1,	1,	1,	5,	5,	4,	4,	4,	7,	7,	2,	3,	3,	3,	3,	1,	1,	1,	2,	2,	4,	6,	6,	6,	3,	3,	1,	1,	1,	1,	1,	7,	7,	2,	4,	4,	1,	1,	1,	5,	8,	8,	8,	8,	2,	2,	1,	1,	1,	7,	7,	8,	6,	6,	1,	1,	2,	1,	1,	6,	6,	8,	7,	7,	1,	1,	1,	2],
[3,	2,	1,	1,	1,	1,	5,	5,	4,	4,	4,	7,	7,	2,	3,	3,	3,	3,	1,	1,	1,	2,	2,	4,	6,	6,	6,	3,	3,	1,	1,	1,	1,	1,	7,	7,	2,	4,	4,	1,	1,	1,	5,	8,	8,	8,	8,	2,	2,	1,	1,	1,	7,	7,	8,	6,	6,	1,	1,	2,	1,	1,	6,	6,	8,	7,	7,	1,	1,	1,	2,	2],
[2,	1,	1,	1,	1,	5,	5,	4,	4,	4,	7,	7,	2,	3,	3,	3,	3,	1,	1,	1,	2,	2,	4,	6,	6,	6,	3,	3,	1,	1,	1,	1,	1,	7,	7,	2,	4,	4,	1,	1,	1,	5,	8,	8,	8,	8,	2,	2,	1,	1,	1,	7,	7,	8,	6,	6,	1,	1,	2,	1,	1,	6,	6,	8,	7,	7,	1,	1,	1,	2,	2,	8],
[1,	1,	1,	1,	5,	5,	4,	4,	4,	7,	7,	2,	3,	3,	3,	3,	1,	1,	1,	2,	2,	4,	6,	6,	6,	3,	3,	1,	1,	1,	1,	1,	7,	7,	2,	4,	4,	1,	1,	1,	5,	8,	8,	8,	8,	2,	2,	1,	1,	1,	7,	7,	8,	6,	6,	1,	1,	2,	1,	1,	6,	6,	8,	7,	7,	1,	1,	1,	2,	2,	8,	8],
[1,	1,	1,	5,	5,	4,	4,	4,	7,	7,	2,	3,	3,	3,	3,	1,	1,	1,	2,	2,	4,	6,	6,	6,	3,	3,	1,	1,	1,	1,	1,	7,	7,	2,	4,	4,	1,	1,	1,	5,	8,	8,	8,	8,	2,	2,	1,	1,	1,	7,	7,	8,	6,	6,	1,	1,	2,	1,	1,	6,	6,	8,	7,	7,	1,	1,	1,	2,	2,	8,	8,	8],
[1,	1,	5,	5,	4,	4,	4,	7,	7,	2,	3,	3,	3,	3,	1,	1,	1,	2,	2,	4,	6,	6,	6,	3,	3,	1,	1,	1,	1,	1,	7,	7,	2,	4,	4,	1,	1,	1,	5,	8,	8,	8,	8,	2,	2,	1,	1,	1,	7,	7,	8,	6,	6,	1,	1,	2,	1,	1,	6,	6,	8,	7,	7,	1,	1,	1,	2,	2,	8,	8,	8,	8],
[1,	5,	5,	4,	4,	4,	7,	7,	2,	3,	3,	3,	3,	1,	1,	1,	2,	2,	4,	6,	6,	6,	3,	3,	1,	1,	1,	1,	1,	7,	7,	2,	4,	4,	1,	1,	1,	5,	8,	8,	8,	8,	2,	2,	1,	1,	1,	7,	7,	8,	6,	6,	1,	1,	2,	1,	1,	6,	6,	8,	7,	7,	1,	1,	1,	2,	2,	8,	8,	8,	8,	5],
[5,	5,	4,	4,	4,	7,	7,	2,	3,	3,	3,	3,	1,	1,	1,	2,	2,	4,	6,	6,	6,	3,	3,	1,	1,	1,	1,	1,	7,	7,	2,	4,	4,	1,	1,	1,	5,	8,	8,	8,	8,	2,	2,	1,	1,	1,	7,	7,	8,	6,	6,	1,	1,	2,	1,	1,	6,	6,	8,	7,	7,	1,	1,	1,	2,	2,	8,	8,	8,	8,	5,	1],
[5,	4,	4,	4,	7,	7,	2,	3,	3,	3,	3,	1,	1,	1,	2,	2,	4,	6,	6,	6,	3,	3,	1,	1,	1,	1,	1,	7,	7,	2,	4,	4,	1,	1,	1,	5,	8,	8,	8,	8,	2,	2,	1,	1,	1,	7,	7,	8,	6,	6,	1,	1,	2,	1,	1,	6,	6,	8,	7,	7,	1,	1,	1,	2,	2,	8,	8,	8,	8,	5,	1,	1],
[4,	4,	4,	7,	7,	2,	3,	3,	3,	3,	1,	1,	1,	2,	2,	4,	6,	6,	6,	3,	3,	1,	1,	1,	1,	1,	7,	7,	2,	4,	4,	1,	1,	1,	5,	8,	8,	8,	8,	2,	2,	1,	1,	1,	7,	7,	8,	6,	6,	1,	1,	2,	1,	1,	6,	6,	8,	7,	7,	1,	1,	1,	2,	2,	8,	8,	8,	8,	5,	1,	1,	1],
[4,	4,	7,	7,	2,	3,	3,	3,	3,	1,	1,	1,	2,	2,	4,	6,	6,	6,	3,	3,	1,	1,	1,	1,	1,	7,	7,	2,	4,	4,	1,	1,	1,	5,	8,	8,	8,	8,	2,	2,	1,	1,	1,	7,	7,	8,	6,	6,	1,	1,	2,	1,	1,	6,	6,	8,	7,	7,	1,	1,	1,	2,	2,	8,	8,	8,	8,	5,	1,	1,	1,	4],
[4,	7,	7,	2,	3,	3,	3,	3,	1,	1,	1,	2,	2,	4,	6,	6,	6,	3,	3,	1,	1,	1,	1,	1,	7,	7,	2,	4,	4,	1,	1,	1,	5,	8,	8,	8,	8,	2,	2,	1,	1,	1,	7,	7,	8,	6,	6,	1,	1,	2,	1,	1,	6,	6,	8,	7,	7,	1,	1,	1,	2,	2,	8,	8,	8,	8,	5,	1,	1,	1,	4,	4],
[7,	7,	2,	3,	3,	3,	3,	1,	1,	1,	2,	2,	4,	6,	6,	6,	3,	3,	1,	1,	1,	1,	1,	7,	7,	2,	4,	4,	1,	1,	1,	5,	8,	8,	8,	8,	2,	2,	1,	1,	1,	7,	7,	8,	6,	6,	1,	1,	2,	1,	1,	6,	6,	8,	7,	7,	1,	1,	1,	2,	2,	8,	8,	8,	8,	5,	1,	1,	1,	4,	4,	2],
[7,	2,	3,	3,	3,	3,	1,	1,	1,	2,	2,	4,	6,	6,	6,	3,	3,	1,	1,	1,	1,	1,	7,	7,	2,	4,	4,	1,	1,	1,	5,	8,	8,	8,	8,	2,	2,	1,	1,	1,	7,	7,	8,	6,	6,	1,	1,	2,	1,	1,	6,	6,	8,	7,	7,	1,	1,	1,	2,	2,	8,	8,	8,	8,	5,	1,	1,	1,	4,	4,	2,	7],
[2,	3,	3,	3,	3,	1,	1,	1,	2,	2,	4,	6,	6,	6,	3,	3,	1,	1,	1,	1,	1,	7,	7,	2,	4,	4,	1,	1,	1,	5,	8,	8,	8,	8,	2,	2,	1,	1,	1,	7,	7,	8,	6,	6,	1,	1,	2,	1,	1,	6,	6,	8,	7,	7,	1,	1,	1,	2,	2,	8,	8,	8,	8,	5,	1,	1,	1,	4,	4,	2,	7,	7],
[3,	3,	3,	3,	1,	1,	1,	2,	2,	4,	6,	6,	6,	3,	3,	1,	1,	1,	1,	1,	7,	7,	2,	4,	4,	1,	1,	1,	5,	8,	8,	8,	8,	2,	2,	1,	1,	1,	7,	7,	8,	6,	6,	1,	1,	2,	1,	1,	6,	6,	8,	7,	7,	1,	1,	1,	2,	2,	8,	8,	8,	8,	5,	1,	1,	1,	4,	4,	2,	7,	7,	1],
[3,	3,	3,	1,	1,	1,	2,	2,	4,	6,	6,	6,	3,	3,	1,	1,	1,	1,	1,	7,	7,	2,	4,	4,	1,	1,	1,	5,	8,	8,	8,	8,	2,	2,	1,	1,	1,	7,	7,	8,	6,	6,	1,	1,	2,	1,	1,	6,	6,	8,	7,	7,	1,	1,	1,	2,	2,	8,	8,	8,	8,	5,	1,	1,	1,	4,	4,	2,	7,	7,	1,	1],
[3,	3,	1,	1,	1,	2,	2,	4,	6,	6,	6,	3,	3,	1,	1,	1,	1,	1,	7,	7,	2,	4,	4,	1,	1,	1,	5,	8,	8,	8,	8,	2,	2,	1,	1,	1,	7,	7,	8,	6,	6,	1,	1,	2,	1,	1,	6,	6,	8,	7,	7,	1,	1,	1,	2,	2,	8,	8,	8,	8,	5,	1,	1,	1,	4,	4,	2,	7,	7,	1,	1,	1],
[3,	1,	1,	1,	2,	2,	4,	6,	6,	6,	3,	3,	1,	1,	1,	1,	1,	7,	7,	2,	4,	4,	1,	1,	1,	5,	8,	8,	8,	8,	2,	2,	1,	1,	1,	7,	7,	8,	6,	6,	1,	1,	2,	1,	1,	6,	6,	8,	7,	7,	1,	1,	1,	2,	2,	8,	8,	8,	8,	5,	1,	1,	1,	4,	4,	2,	7,	7,	1,	1,	1,	1],
[1,	1,	1,	2,	2,	4,	6,	6,	6,	3,	3,	1,	1,	1,	1,	1,	7,	7,	2,	4,	4,	1,	1,	1,	5,	8,	8,	8,	8,	2,	2,	1,	1,	1,	7,	7,	8,	6,	6,	1,	1,	2,	1,	1,	6,	6,	8,	7,	7,	1,	1,	1,	2,	2,	8,	8,	8,	8,	5,	1,	1,	1,	4,	4,	2,	7,	7,	1,	1,	1,	1,	1],
[1,	1,	2,	2,	4,	6,	6,	6,	3,	3,	1,	1,	1,	1,	1,	7,	7,	2,	4,	4,	1,	1,	1,	5,	8,	8,	8,	8,	2,	2,	1,	1,	1,	7,	7,	8,	6,	6,	1,	1,	2,	1,	1,	6,	6,	8,	7,	7,	1,	1,	1,	2,	2,	8,	8,	8,	8,	5,	1,	1,	1,	4,	4,	2,	7,	7,	1,	1,	1,	1,	1,	3],
[1,	2,	2,	4,	6,	6,	6,	3,	3,	1,	1,	1,	1,	1,	7,	7,	2,	4,	4,	1,	1,	1,	5,	8,	8,	8,	8,	2,	2,	1,	1,	1,	7,	7,	8,	6,	6,	1,	1,	2,	1,	1,	6,	6,	8,	7,	7,	1,	1,	1,	2,	2,	8,	8,	8,	8,	5,	1,	1,	1,	4,	4,	2,	7,	7,	1,	1,	1,	1,	1,	3,	3],
[2,	2,	4,	6,	6,	6,	3,	3,	1,	1,	1,	1,	1,	7,	7,	2,	4,	4,	1,	1,	1,	5,	8,	8,	8,	8,	2,	2,	1,	1,	1,	7,	7,	8,	6,	6,	1,	1,	2,	1,	1,	6,	6,	8,	7,	7,	1,	1,	1,	2,	2,	8,	8,	8,	8,	5,	1,	1,	1,	4,	4,	2,	7,	7,	1,	1,	1,	1,	1,	3,	3,	6],
[2,	4,	6,	6,	6,	3,	3,	1,	1,	1,	1,	1,	7,	7,	2,	4,	4,	1,	1,	1,	5,	8,	8,	8,	8,	2,	2,	1,	1,	1,	7,	7,	8,	6,	6,	1,	1,	2,	1,	1,	6,	6,	8,	7,	7,	1,	1,	1,	2,	2,	8,	8,	8,	8,	5,	1,	1,	1,	4,	4,	2,	7,	7,	1,	1,	1,	1,	1,	3,	3,	6,	6],
[4,	6,	6,	6,	3,	3,	1,	1,	1,	1,	1,	7,	7,	2,	4,	4,	1,	1,	1,	5,	8,	8,	8,	8,	2,	2,	1,	1,	1,	7,	7,	8,	6,	6,	1,	1,	2,	1,	1,	6,	6,	8,	7,	7,	1,	1,	1,	2,	2,	8,	8,	8,	8,	5,	1,	1,	1,	4,	4,	2,	7,	7,	1,	1,	1,	1,	1,	3,	3,	6,	6,	6],
[6,	6,	6,	3,	3,	1,	1,	1,	1,	1,	7,	7,	2,	4,	4,	1,	1,	1,	5,	8,	8,	8,	8,	2,	2,	1,	1,	1,	7,	7,	8,	6,	6,	1,	1,	2,	1,	1,	6,	6,	8,	7,	7,	1,	1,	1,	2,	2,	8,	8,	8,	8,	5,	1,	1,	1,	4,	4,	2,	7,	7,	1,	1,	1,	1,	1,	3,	3,	6,	6,	6,	4],
[6,	6,	3,	3,	1,	1,	1,	1,	1,	7,	7,	2,	4,	4,	1,	1,	1,	5,	8,	8,	8,	8,	2,	2,	1,	1,	1,	7,	7,	8,	6,	6,	1,	1,	2,	1,	1,	6,	6,	8,	7,	7,	1,	1,	1,	2,	2,	8,	8,	8,	8,	5,	1,	1,	1,	4,	4,	2,	7,	7,	1,	1,	1,	1,	1,	3,	3,	6,	6,	6,	4,	2],
[6,	3,	3,	1,	1,	1,	1,	1,	7,	7,	2,	4,	4,	1,	1,	1,	5,	8,	8,	8,	8,	2,	2,	1,	1,	1,	7,	7,	8,	6,	6,	1,	1,	2,	1,	1,	6,	6,	8,	7,	7,	1,	1,	1,	2,	2,	8,	8,	8,	8,	5,	1,	1,	1,	4,	4,	2,	7,	7,	1,	1,	1,	1,	1,	3,	3,	6,	6,	6,	4,	2,	2],
[3,	3,	1,	1,	1,	1,	1,	7,	7,	2,	4,	4,	1,	1,	1,	5,	8,	8,	8,	8,	2,	2,	1,	1,	1,	7,	7,	8,	6,	6,	1,	1,	2,	1,	1,	6,	6,	8,	7,	7,	1,	1,	1,	2,	2,	8,	8,	8,	8,	5,	1,	1,	1,	4,	4,	2,	7,	7,	1,	1,	1,	1,	1,	3,	3,	6,	6,	6,	4,	2,	2,	1],
[3,	1,	1,	1,	1,	1,	7,	7,	2,	4,	4,	1,	1,	1,	5,	8,	8,	8,	8,	2,	2,	1,	1,	1,	7,	7,	8,	6,	6,	1,	1,	2,	1,	1,	6,	6,	8,	7,	7,	1,	1,	1,	2,	2,	8,	8,	8,	8,	5,	1,	1,	1,	4,	4,	2,	7,	7,	1,	1,	1,	1,	1,	3,	3,	6,	6,	6,	4,	2,	2,	1,	1],
[1,	1,	1,	1,	1,	7,	7,	2,	4,	4,	1,	1,	1,	5,	8,	8,	8,	8,	2,	2,	1,	1,	1,	7,	7,	8,	6,	6,	1,	1,	2,	1,	1,	6,	6,	8,	7,	7,	1,	1,	1,	2,	2,	8,	8,	8,	8,	5,	1,	1,	1,	4,	4,	2,	7,	7,	1,	1,	1,	1,	1,	3,	3,	6,	6,	6,	4,	2,	2,	1,	1,	1],
[1,	1,	1,	1,	7,	7,	2,	4,	4,	1,	1,	1,	5,	8,	8,	8,	8,	2,	2,	1,	1,	1,	7,	7,	8,	6,	6,	1,	1,	2,	1,	1,	6,	6,	8,	7,	7,	1,	1,	1,	2,	2,	8,	8,	8,	8,	5,	1,	1,	1,	4,	4,	2,	7,	7,	1,	1,	1,	1,	1,	3,	3,	6,	6,	6,	4,	2,	2,	1,	1,	1,	3],
[1,	1,	1,	7,	7,	2,	4,	4,	1,	1,	1,	5,	8,	8,	8,	8,	2,	2,	1,	1,	1,	7,	7,	8,	6,	6,	1,	1,	2,	1,	1,	6,	6,	8,	7,	7,	1,	1,	1,	2,	2,	8,	8,	8,	8,	5,	1,	1,	1,	4,	4,	2,	7,	7,	1,	1,	1,	1,	1,	3,	3,	6,	6,	6,	4,	2,	2,	1,	1,	1,	3,	3],
[1,	1,	7,	7,	2,	4,	4,	1,	1,	1,	5,	8,	8,	8,	8,	2,	2,	1,	1,	1,	7,	7,	8,	6,	6,	1,	1,	2,	1,	1,	6,	6,	8,	7,	7,	1,	1,	1,	2,	2,	8,	8,	8,	8,	5,	1,	1,	1,	4,	4,	2,	7,	7,	1,	1,	1,	1,	1,	3,	3,	6,	6,	6,	4,	2,	2,	1,	1,	1,	3,	3,	3],
[1,	7,	7,	2,	4,	4,	1,	1,	1,	5,	8,	8,	8,	8,	2,	2,	1,	1,	1,	7,	7,	8,	6,	6,	1,	1,	2,	1,	1,	6,	6,	8,	7,	7,	1,	1,	1,	2,	2,	8,	8,	8,	8,	5,	1,	1,	1,	4,	4,	2,	7,	7,	1,	1,	1,	1,	1,	3,	3,	6,	6,	6,	4,	2,	2,	1,	1,	1,	3,	3,	3,	3],
[7,	7,	2,	4,	4,	1,	1,	1,	5,	8,	8,	8,	8,	2,	2,	1,	1,	1,	7,	7,	8,	6,	6,	1,	1,	2,	1,	1,	6,	6,	8,	7,	7,	1,	1,	1,	2,	2,	8,	8,	8,	8,	5,	1,	1,	1,	4,	4,	2,	7,	7,	1,	1,	1,	1,	1,	3,	3,	6,	6,	6,	4,	2,	2,	1,	1,	1,	3,	3,	3,	3,	2],
[7,	2,	4,	4,	1,	1,	1,	5,	8,	8,	8,	8,	2,	2,	1,	1,	1,	7,	7,	8,	6,	6,	1,	1,	2,	1,	1,	6,	6,	8,	7,	7,	1,	1,	1,	2,	2,	8,	8,	8,	8,	5,	1,	1,	1,	4,	4,	2,	7,	7,	1,	1,	1,	1,	1,	3,	3,	6,	6,	6,	4,	2,	2,	1,	1,	1,	3,	3,	3,	3,	2,	7],
[2,	4,	4,	1,	1,	1,	5,	8,	8,	8,	8,	2,	2,	1,	1,	1,	7,	7,	8,	6,	6,	1,	1,	2,	1,	1,	6,	6,	8,	7,	7,	1,	1,	1,	2,	2,	8,	8,	8,	8,	5,	1,	1,	1,	4,	4,	2,	7,	7,	1,	1,	1,	1,	1,	3,	3,	6,	6,	6,	4,	2,	2,	1,	1,	1,	3,	3,	3,	3,	2,	7,	7],
[4,	4,	1,	1,	1,	5,	8,	8,	8,	8,	2,	2,	1,	1,	1,	7,	7,	8,	6,	6,	1,	1,	2,	1,	1,	6,	6,	8,	7,	7,	1,	1,	1,	2,	2,	8,	8,	8,	8,	5,	1,	1,	1,	4,	4,	2,	7,	7,	1,	1,	1,	1,	1,	3,	3,	6,	6,	6,	4,	2,	2,	1,	1,	1,	3,	3,	3,	3,	2,	7,	7,	4],
[4,	1,	1,	1,	5,	8,	8,	8,	8,	2,	2,	1,	1,	1,	7,	7,	8,	6,	6,	1,	1,	2,	1,	1,	6,	6,	8,	7,	7,	1,	1,	1,	2,	2,	8,	8,	8,	8,	5,	1,	1,	1,	4,	4,	2,	7,	7,	1,	1,	1,	1,	1,	3,	3,	6,	6,	6,	4,	2,	2,	1,	1,	1,	3,	3,	3,	3,	2,	7,	7,	4,	4],
[1,	1,	1,	5,	8,	8,	8,	8,	2,	2,	1,	1,	1,	7,	7,	8,	6,	6,	1,	1,	2,	1,	1,	6,	6,	8,	7,	7,	1,	1,	1,	2,	2,	8,	8,	8,	8,	5,	1,	1,	1,	4,	4,	2,	7,	7,	1,	1,	1,	1,	1,	3,	3,	6,	6,	6,	4,	2,	2,	1,	1,	1,	3,	3,	3,	3,	2,	7,	7,	4,	4,	4],
[1,	1,	5,	8,	8,	8,	8,	2,	2,	1,	1,	1,	7,	7,	8,	6,	6,	1,	1,	2,	1,	1,	6,	6,	8,	7,	7,	1,	1,	1,	2,	2,	8,	8,	8,	8,	5,	1,	1,	1,	4,	4,	2,	7,	7,	1,	1,	1,	1,	1,	3,	3,	6,	6,	6,	4,	2,	2,	1,	1,	1,	3,	3,	3,	3,	2,	7,	7,	4,	4,	4,	5],
[1,	5,	8,	8,	8,	8,	2,	2,	1,	1,	1,	7,	7,	8,	6,	6,	1,	1,	2,	1,	1,	6,	6,	8,	7,	7,	1,	1,	1,	2,	2,	8,	8,	8,	8,	5,	1,	1,	1,	4,	4,	2,	7,	7,	1,	1,	1,	1,	1,	3,	3,	6,	6,	6,	4,	2,	2,	1,	1,	1,	3,	3,	3,	3,	2,	7,	7,	4,	4,	4,	5,	5],
[5,	8,	8,	8,	8,	2,	2,	1,	1,	1,	7,	7,	8,	6,	6,	1,	1,	2,	1,	1,	6,	6,	8,	7,	7,	1,	1,	1,	2,	2,	8,	8,	8,	8,	5,	1,	1,	1,	4,	4,	2,	7,	7,	1,	1,	1,	1,	1,	3,	3,	6,	6,	6,	4,	2,	2,	1,	1,	1,	3,	3,	3,	3,	2,	7,	7,	4,	4,	4,	5,	5,	1],
[8,	8,	8,	8,	2,	2,	1,	1,	1,	7,	7,	8,	6,	6,	1,	1,	2,	1,	1,	6,	6,	8,	7,	7,	1,	1,	1,	2,	2,	8,	8,	8,	8,	5,	1,	1,	1,	4,	4,	2,	7,	7,	1,	1,	1,	1,	1,	3,	3,	6,	6,	6,	4,	2,	2,	1,	1,	1,	3,	3,	3,	3,	2,	7,	7,	4,	4,	4,	5,	5,	1,	1],
[8,	8,	8,	2,	2,	1,	1,	1,	7,	7,	8,	6,	6,	1,	1,	2,	1,	1,	6,	6,	8,	7,	7,	1,	1,	1,	2,	2,	8,	8,	8,	8,	5,	1,	1,	1,	4,	4,	2,	7,	7,	1,	1,	1,	1,	1,	3,	3,	6,	6,	6,	4,	2,	2,	1,	1,	1,	3,	3,	3,	3,	2,	7,	7,	4,	4,	4,	5,	5,	1,	1,	1],
[8,	8,	2,	2,	1,	1,	1,	7,	7,	8,	6,	6,	1,	1,	2,	1,	1,	6,	6,	8,	7,	7,	1,	1,	1,	2,	2,	8,	8,	8,	8,	5,	1,	1,	1,	4,	4,	2,	7,	7,	1,	1,	1,	1,	1,	3,	3,	6,	6,	6,	4,	2,	2,	1,	1,	1,	3,	3,	3,	3,	2,	7,	7,	4,	4,	4,	5,	5,	1,	1,	1,	1],
[8,	2,	2,	1,	1,	1,	7,	7,	8,	6,	6,	1,	1,	2,	1,	1,	6,	6,	8,	7,	7,	1,	1,	1,	2,	2,	8,	8,	8,	8,	5,	1,	1,	1,	4,	4,	2,	7,	7,	1,	1,	1,	1,	1,	3,	3,	6,	6,	6,	4,	2,	2,	1,	1,	1,	3,	3,	3,	3,	2,	7,	7,	4,	4,	4,	5,	5,	1,	1,	1,	1,	3],
[2,	2,	1,	1,	1,	7,	7,	8,	6,	6,	1,	1,	2,	1,	1,	6,	6,	8,	7,	7,	1,	1,	1,	2,	2,	8,	8,	8,	8,	5,	1,	1,	1,	4,	4,	2,	7,	7,	1,	1,	1,	1,	1,	3,	3,	6,	6,	6,	4,	2,	2,	1,	1,	1,	3,	3,	3,	3,	2,	7,	7,	4,	4,	4,	5,	5,	1,	1,	1,	1,	3,	3],
[2,	1,	1,	1,	7,	7,	8,	6,	6,	1,	1,	2,	1,	1,	6,	6,	8,	7,	7,	1,	1,	1,	2,	2,	8,	8,	8,	8,	5,	1,	1,	1,	4,	4,	2,	7,	7,	1,	1,	1,	1,	1,	3,	3,	6,	6,	6,	4,	2,	2,	1,	1,	1,	3,	3,	3,	3,	2,	7,	7,	4,	4,	4,	5,	5,	1,	1,	1,	1,	3,	3,	3],
[1,	1,	1,	7,	7,	8,	6,	6,	1,	1,	2,	1,	1,	6,	6,	8,	7,	7,	1,	1,	1,	2,	2,	8,	8,	8,	8,	5,	1,	1,	1,	4,	4,	2,	7,	7,	1,	1,	1,	1,	1,	3,	3,	6,	6,	6,	4,	2,	2,	1,	1,	1,	3,	3,	3,	3,	2,	7,	7,	4,	4,	4,	5,	5,	1,	1,	1,	1,	3,	3,	3,	7],
[1,	1,	7,	7,	8,	6,	6,	1,	1,	2,	1,	1,	6,	6,	8,	7,	7,	1,	1,	1,	2,	2,	8,	8,	8,	8,	5,	1,	1,	1,	4,	4,	2,	7,	7,	1,	1,	1,	1,	1,	3,	3,	6,	6,	6,	4,	2,	2,	1,	1,	1,	3,	3,	3,	3,	2,	7,	7,	4,	4,	4,	5,	5,	1,	1,	1,	1,	3,	3,	3,	7,	7],
[1,	7,	7,	8,	6,	6,	1,	1,	2,	1,	1,	6,	6,	8,	7,	7,	1,	1,	1,	2,	2,	8,	8,	8,	8,	5,	1,	1,	1,	4,	4,	2,	7,	7,	1,	1,	1,	1,	1,	3,	3,	6,	6,	6,	4,	2,	2,	1,	1,	1,	3,	3,	3,	3,	2,	7,	7,	4,	4,	4,	5,	5,	1,	1,	1,	1,	3,	3,	3,	7,	7,	1],
[7,	7,	8,	6,	6,	1,	1,	2,	1,	1,	6,	6,	8,	7,	7,	1,	1,	1,	2,	2,	8,	8,	8,	8,	5,	1,	1,	1,	4,	4,	2,	7,	7,	1,	1,	1,	1,	1,	3,	3,	6,	6,	6,	4,	2,	2,	1,	1,	1,	3,	3,	3,	3,	2,	7,	7,	4,	4,	4,	5,	5,	1,	1,	1,	1,	3,	3,	3,	7,	7,	1,	1],
[7,	8,	6,	6,	1,	1,	2,	1,	1,	6,	6,	8,	7,	7,	1,	1,	1,	2,	2,	8,	8,	8,	8,	5,	1,	1,	1,	4,	4,	2,	7,	7,	1,	1,	1,	1,	1,	3,	3,	6,	6,	6,	4,	2,	2,	1,	1,	1,	3,	3,	3,	3,	2,	7,	7,	4,	4,	4,	5,	5,	1,	1,	1,	1,	3,	3,	3,	7,	7,	1,	1,	1],
[8,	6,	6,	1,	1,	2,	1,	1,	6,	6,	8,	7,	7,	1,	1,	1,	2,	2,	8,	8,	8,	8,	5,	1,	1,	1,	4,	4,	2,	7,	7,	1,	1,	1,	1,	1,	3,	3,	6,	6,	6,	4,	2,	2,	1,	1,	1,	3,	3,	3,	3,	2,	7,	7,	4,	4,	4,	5,	5,	1,	1,	1,	1,	3,	3,	3,	7,	7,	1,	1,	1,	1],
[6,	6,	1,	1,	2,	1,	1,	6,	6,	8,	7,	7,	1,	1,	1,	2,	2,	8,	8,	8,	8,	5,	1,	1,	1,	4,	4,	2,	7,	7,	1,	1,	1,	1,	1,	3,	3,	6,	6,	6,	4,	2,	2,	1,	1,	1,	3,	3,	3,	3,	2,	7,	7,	4,	4,	4,	5,	5,	1,	1,	1,	1,	3,	3,	3,	7,	7,	1,	1,	1,	1,	1],
[6,	1,	1,	2,	1,	1,	6,	6,	8,	7,	7,	1,	1,	1,	2,	2,	8,	8,	8,	8,	5,	1,	1,	1,	4,	4,	2,	7,	7,	1,	1,	1,	1,	1,	3,	3,	6,	6,	6,	4,	2,	2,	1,	1,	1,	3,	3,	3,	3,	2,	7,	7,	4,	4,	4,	5,	5,	1,	1,	1,	1,	3,	3,	3,	7,	7,	1,	1,	1,	1,	1,	1],
[1,	1,	2,	1,	1,	6,	6,	8,	7,	7,	1,	1,	1,	2,	2,	8,	8,	8,	8,	5,	1,	1,	1,	4,	4,	2,	7,	7,	1,	1,	1,	1,	1,	3,	3,	6,	6,	6,	4,	2,	2,	1,	1,	1,	3,	3,	3,	3,	2,	7,	7,	4,	4,	4,	5,	5,	1,	1,	1,	1,	3,	3,	3,	7,	7,	1,	1,	1,	1,	1,	1,	1],
[1,	2,	1,	1,	6,	6,	8,	7,	7,	1,	1,	1,	2,	2,	8,	8,	8,	8,	5,	1,	1,	1,	4,	4,	2,	7,	7,	1,	1,	1,	1,	1,	3,	3,	6,	6,	6,	4,	2,	2,	1,	1,	1,	3,	3,	3,	3,	2,	7,	7,	4,	4,	4,	5,	5,	1,	1,	1,	1,	3,	3,	3,	7,	7,	1,	1,	1,	1,	1,	1,	1,	1],
[2,	1,	1,	6,	6,	8,	7,	7,	1,	1,	1,	2,	2,	8,	8,	8,	8,	5,	1,	1,	1,	4,	4,	2,	7,	7,	1,	1,	1,	1,	1,	3,	3,	6,	6,	6,	4,	2,	2,	1,	1,	1,	3,	3,	3,	3,	2,	7,	7,	4,	4,	4,	5,	5,	1,	1,	1,	1,	3,	3,	3,	7,	7,	1,	1,	1,	1,	1,	1,	1,	1,	1]



['0','1','2','3','4','5','6','7','8','9','10','11','12','13','14','15','16','17','18','19','20','21','22','23','24','25','26','27','28','29','30','31','32','33','34','35','36','37','38','39','40','41','42','43','44','45','46','47','48','49','50','51','52','53','54','55','56','57','58','59','60','61','62','63','64','65','66','67','68','69','70','71','72']
